1.000000000000000056e-01 -4.309516997701285490e+00 -3.228165365191597580e+00 -7.537682362892889287e+00
1.595959595959595967e-01 -4.233223902561593199e+00 -3.282666053247377036e+00 -7.515889955808980005e+00
2.191919191919192156e-01 -4.111938838514427097e+00 -3.360346996692338273e+00 -7.472285835206775140e+00
2.787878787878788067e-01 -3.969455289383003294e+00 -3.434335615000240427e+00 -7.403790904383255267e+00
3.383838383838383979e-01 -3.816867224614529874e+00 -3.490455960996364571e+00 -7.307323185610904659e+00
3.979797979797979890e-01 -3.659378658036200438e+00 -3.522707781636923219e+00 -7.182086439673132539e+00
4.575757575757576356e-01 -3.500320968747835160e+00 -3.529928944473917696e+00 -7.030249913221760849e+00
5.171717171717171713e-01 -3.342438239403200395e+00 -3.513822156064076108e+00 -6.856260395467283608e+00
5.767676767676768179e-01 -3.188063402021695580e+00 -3.477602310356305626e+00 -6.665665712378006980e+00
6.363636363636363535e-01 -3.039035598952430028e+00 -3.425061394497511458e+00 -6.464096993449945927e+00
6.959595959595960002e-01 -2.896653765576141293e+00 -3.359973635614907472e+00 -6.256627401191055426e+00
7.555555555555555358e-01 -2.761711604081454219e+00 -3.285764106969989662e+00 -6.047475711051445657e+00
8.151515151515151825e-01 -2.634583554827337970e+00 -3.205361228948034658e+00 -5.839944783775377068e+00
8.747474747474747181e-01 -2.515326154117620394e+00 -3.121164501783705969e+00 -5.636490655901330804e+00
9.343434343434343647e-01 -2.403772413243340011e+00 -3.035076278354601698e+00 -5.438848691597944374e+00
9.939393939393939004e-01 -2.299609528114609613e+00 -2.948563430994602719e+00 -5.248172959109215441e+00
1.053535353535353547e+00 -2.202438100784752439e+00 -2.862728224530690202e+00 -5.065166325315445306e+00
1.113131313131313194e+00 -2.111814833049360018e+00 -2.778377075800299245e+00 -4.890191908849661928e+00
1.172727272727272840e+00 -2.027281929061559129e+00 -2.696081831860331679e+00 -4.723363760921892585e+00
1.232323232323232487e+00 -1.948386466843990528e+00 -2.616231691237489443e+00 -4.564618158081482413e+00
1.291919191919192134e+00 -1.874692517448477869e+00 -2.539075772123950081e+00 -4.413768289572431058e+00
1.351515151515151558e+00 -1.805788188635699232e+00 -2.464757226808004020e+00 -4.270545415443705473e+00
1.411111111111111205e+00 -1.741289214452176992e+00 -2.393340134492201177e+00 -4.134629348944379501e+00
1.470707070707070852e+00 -1.680840258546047128e+00 -2.324830438986019931e+00 -4.005670697532069724e+00
1.530303030303030498e+00 -1.624114752178470900e+00 -2.259192089790550195e+00 -3.883306841969022649e+00
1.589898989898990145e+00 -1.570813832885374017e+00 -2.196359382332640831e+00 -3.767173215218015514e+00
1.649494949494949569e+00 -1.520664767125795125e+00 -2.136246321484040589e+00 -3.656911088609837712e+00
1.709090909090909216e+00 -1.473419111873765175e+00 -2.078753673896469589e+00 -3.552172785770235652e+00
1.768686868686868863e+00 -1.428850781135264203e+00 -2.023774237705437073e+00 -3.452625018840702609e+00
1.828282828282828509e+00 -1.386754122444457060e+00 -1.971196744508078913e+00 -3.357950866952537083e+00
1.887878787878787934e+00 -1.346942067148413802e+00 -1.920908716620591150e+00 -3.267850783769005840e+00
1.947474747474747581e+00 -1.309244390711506556e+00 -1.872798529575046889e+00 -3.182042920286554111e+00
2.007070707070707005e+00 -1.273506101102239052e+00 -1.826756872438189516e+00 -3.100262973540429901e+00
2.066666666666666874e+00 -1.239585961586500362e+00 -1.782677753835877121e+00 -3.022263715422379704e+00
2.126262626262626299e+00 -1.207355146872398644e+00 -1.740459166946024983e+00 -2.947814313818423848e+00
2.185858585858586167e+00 -1.176696027104260800e+00 -1.700003500016786795e+00 -2.876699527121048927e+00
2.245454545454545592e+00 -1.147501071705836262e+00 -1.661217758424727187e+00 -2.808718830130564559e+00
2.305050505050505016e+00 -1.119671863854396543e+00 -1.624013648518410013e+00 -2.743685512372807001e+00
2.364646464646464885e+00 -1.093118215972293195e+00 -1.588307561404594503e+00 -2.681425777376889030e+00
2.424242424242424310e+00 -1.067757376742151099e+00 -1.554020485577126909e+00 -2.621777862319278896e+00
2.483838383838384178e+00 -1.043513320579551040e+00 -1.521077870205547411e+00 -2.564591190785098895e+00
2.543434343434343603e+00 -1.020316111095442624e+00 -1.489409455484872025e+00 -2.509725566580315093e+00
2.603030303030303028e+00 -9.981013307596963147e-01 -1.458949082310706968e+00 -2.457050413070403394e+00
2.662626262626262896e+00 -9.768095696796176286e-01 -1.429634490386268775e+00 -2.406444060065886958e+00
2.722222222222222321e+00 -9.563859670968668514e-01 -1.401407111461066224e+00 -2.357793078557933963e+00
2.781818181818182190e+00 -9.367797998618757616e-01 -1.374211862569535203e+00 -2.310991662431411520e+00
2.841414141414141614e+00 -9.179441127548645385e-01 -1.347996942747482718e+00 -2.265941055502347812e+00
2.901010101010101039e+00 -8.998353860816290517e-01 -1.322713635651644015e+00 -2.222549021733273733e+00
2.960606060606060908e+00 -8.824132364792259819e-01 -1.298316119714128414e+00 -2.180729356193355173e+00
3.020202020202020332e+00 -8.656401473227002263e-01 -1.274761286868304033e+00 -2.140401434191004704e+00
3.079797979797980201e+00 -8.494812255319053040e-01 -1.252008570439253843e+00 -2.101489795971160035e+00
3.139393939393939625e+00 -8.339039819407343401e-01 -1.230019782464629285e+00 -2.063923764405363848e+00
3.198989898989899050e+00 -8.188781327135837840e-01 -1.208758960472945398e+00 -2.027637093186529516e+00
3.258585858585858919e+00 -8.043754195795645989e-01 -1.188192223575146089e+00 -1.992567643154711243e+00
3.318181818181818343e+00 -7.903694469076100182e-01 -1.168287637605213369e+00 -1.958657084512823721e+00
3.377777777777777768e+00 -7.768355338688438527e-01 -1.149015088964370435e+00 -1.925850622833214398e+00
3.437373737373737637e+00 -7.637505801296083918e-01 -1.130346166771320826e+00 -1.894096746900929773e+00
3.496969696969697061e+00 -7.510929436924815850e-01 -1.112254052890686795e+00 -1.863346996583168602e+00
3.556565656565656930e+00 -7.388423296560877596e-01 -1.094713419397653986e+00 -1.833555749053742190e+00
3.616161616161616355e+00 -7.269796888000015223e-01 -1.077700333034508073e+00 -1.804680021834510706e+00
3.675757575757575779e+00 -7.154871250206689126e-01 -1.061192166220920052e+00 -1.776679291241589409e+00
3.735353535353535648e+00 -7.043478107499663299e-01 -1.045167514191992497e+00 -1.749515324941959049e+00
3.794949494949495072e+00 -6.935459095814524577e-01 -1.029606117854329872e+00 -1.723152027435782996e+00
3.854545454545454941e+00 -6.830665054120101942e-01 -1.014488791969242909e+00 -1.697555297381253325e+00
3.914141414141414366e+00 -6.728955374797678246e-01 -9.997973582926200642e-01 -1.672692895772388111e+00
3.973737373737373790e+00 -6.630197407440135970e-01 -9.855145833221614637e-01 -1.648534324066175394e+00
4.033333333333333215e+00 -6.534265911103384061e-01 -9.716241203239754931e-01 -1.625050711434314232e+00
4.092929292929293084e+00 -6.441042550552850132e-01 -9.581104553315792360e-01 -1.602214710386864693e+00
4.152525252525252064e+00 -6.350415432501551605e-01 -9.449588568308232572e-01 -1.580000400080978418e+00
4.212121212121211933e+00 -6.262278678239718843e-01 -9.321553288639380375e-01 -1.558383196687910033e+00
4.271717171717171802e+00 -6.176532029415388036e-01 -9.196865673046913381e-01 -1.537339770246230142e+00
4.331313131313130782e+00 -6.093080484045469980e-01 -9.075399190744207756e-01 -1.516847967478967663e+00
4.390909090909090651e+00 -6.011833960122839882e-01 -8.957033440854755835e-01 -1.496886740097759905e+00
4.450505050505050519e+00 -5.932706984440008213e-01 -8.841653797143119720e-01 -1.477436078158313348e+00
4.510101010101009500e+00 -5.855618404478376560e-01 -8.729151076211807414e-01 -1.458476948069018952e+00
4.569696969696969369e+00 -5.780491121416282407e-01 -8.619421227470347446e-01 -1.439991234888663429e+00
4.629292929292929237e+00 -5.707251842492220284e-01 -8.512365043310153867e-01 -1.421961688580237970e+00
4.688888888888889106e+00 -5.635830851123732055e-01 -8.407887888036897905e-01 -1.404371873916063329e+00
4.748484848484848087e+00 -5.566161793330031138e-01 -8.305899444221500616e-01 -1.387206123755153397e+00
4.808080808080807955e+00 -5.498181479138894989e-01 -8.206313475232133170e-01 -1.370449495437103371e+00
4.867676767676767824e+00 -5.431829697777722510e-01 -8.109047602803316490e-01 -1.354087730058104233e+00
4.927272727272726804e+00 -5.367049045555928322e-01 -8.014023098584431848e-01 -1.338107214414036683e+00
4.986868686868686673e+00 -5.303784765442915994e-01 -7.921164688689985578e-01 -1.322494945413290601e+00
5.046464646464646542e+00 -5.241984597433085868e-01 -7.830400370347455619e-01 -1.307238496778054815e+00
5.106060606060605522e+00 -5.181598638868435414e-01 -7.741661239806383321e-01 -1.292325987867482429e+00
5.165656565656565391e+00 -5.122579213960694045e-01 -7.654881330735099354e-01 -1.277746054469579562e+00
5.225252525252525260e+00 -5.064880751819565985e-01 -7.569997462389029819e-01 -1.263487821420859802e+00
5.284848484848484240e+00 -5.008459672352235659e-01 -7.486949096887760557e-01 -1.249540876924000177e+00
5.344444444444444109e+00 -4.953274279452398732e-01 -7.405678204987032887e-01 -1.235895248443943162e+00
5.404040404040403978e+00 -4.899284660945331660e-01 -7.326129139777045607e-01 -1.222541380072238226e+00
5.463636363636363846e+00 -4.846452594799244840e-01 -7.248248517780045974e-01 -1.209470111257929803e+00
5.523232323232322827e+00 -4.794741461153090856e-01 -7.171985106958637113e-01 -1.196672656811172963e+00
5.582828282828282696e+00 -4.744116159747180372e-01 -7.097289721181571087e-01 -1.184140588092875701e+00
5.642424242424242564e+00 -4.694543032376032876e-01 -7.024115120726623918e-01 -1.171865815310266346e+00
5.702020202020201545e+00 -4.645989790012992615e-01 -6.952415918430050468e-01 -1.159840570844305141e+00
5.761616161616161413e+00 -4.598425444283604779e-01 -6.882148491120164691e-01 -1.148057393540377502e+00
5.821212121212121282e+00 -4.551820242989877974e-01 -6.813270895998150278e-01 -1.136509113898803047e+00
5.880808080808080263e+00 -4.506145609410477926e-01 -6.745742791652958870e-01 -1.125188840106344124e+00
5.940404040404040131e+00 -4.461374085122875588e-01 -6.679525363419086537e-01 -1.114089944854196546e+00
6.000000000000000000e+00 -4.417479276112714071e-01 -6.614581252806244205e-01 -1.103206052891896327e+00
